learningRate: 0.05
architecture: 8,32,4
activation: 0
weights: 
   0.138254    0.868986    0.344454    0.326385    0.740094    0.672752   0.0365915    0.456154   -0.944183   -0.746399    0.659356   -0.254186   -0.234347   -0.401373   -0.591811   -0.380208    0.600277   -0.386959    0.490893     0.52317    0.264637    0.294006   -0.870416  -0.0607289    0.408659   -0.423664   -0.499857     0.29786   -0.198925    0.381328    0.827919   -0.929154           0
  -0.937723    0.124912    0.534333    0.129222   -0.960913    0.332375    0.550297   -0.225456    0.158811   -0.700143    0.726942   -0.772587   -0.591036    0.237722   -0.969081   -0.634654    0.882876   -0.763882   -0.222387   -0.788293    -1.12604   -0.275907    0.167896    0.438845    0.207949   -0.252684    0.726211   -0.241928   -0.383597    0.745759   -0.487644    0.398129   0.0291329
   0.249144    -0.90418    0.839926   -0.590311    0.740986   -0.654266      0.2884  -0.0421846   -0.142532   -0.589172   -0.151381     0.92461    0.792447    0.774486   -0.769857    0.285964   -0.240052   -0.129562   -0.906636    0.976909  -0.0507478    0.131593   -0.854786    0.940435   -0.426285   0.0544872    0.125494   -0.839294   -0.158526   -0.939385   -0.269301   -0.428746           0
   0.626986    0.804935    0.858191    0.617217    0.252225   -0.162761   -0.606806   -0.352685    0.936972   -0.593963    -1.07444    0.456626     0.33064   -0.439231   -0.740606   -0.763103    0.366014   -0.608394   -0.654571    0.841391   -0.507945    0.100434     0.77365   -0.286808   -0.264892    0.596916    0.930144   -0.784863   -0.224797    0.479084   -0.407799   -0.580363   0.0253832
  -0.709943    0.856814   -0.367425    0.510295    -0.53346    0.687591    0.361215    0.740961     1.04261   -0.357355    0.818088    0.776182    0.107458   -0.518362    0.787915   -0.590923   -0.647391   -0.457837   -0.338145   -0.318966    0.755383   -0.513771  -0.0727205    0.297983    0.576983    0.373855    0.406493    0.833949    0.329808   0.0493354   -0.842231   -0.262609  -0.0135359
   0.940381    0.671261   -0.113735    0.566758    0.505001   -0.887741    0.245856 -0.00291964   -0.454103    0.930595  -0.0835189   -0.250769  -0.0229913    0.298855   -0.642187     0.53005    0.769071     0.43128  0.00135468   0.0499488    -0.09531   -0.476778    0.330519   -0.990762    0.286544    0.768718   -0.211163   -0.884295   -0.104408      0.3937    0.797525    -0.92906           0
  -0.564919   -0.649683    0.940553    0.467407    -0.69877    0.776237  -0.0599105    0.460112    0.362427    0.834976     0.11441    0.219106    0.813903   0.0156849      0.1598    0.680153   -0.111365   -0.240184   -0.212174   -0.181772   -0.234443    0.509952   -0.288321    0.555726   -0.365993   -0.272619   -0.398756    0.873787   -0.273065   -0.137198    0.194428   -0.310749           0
   0.408194   -0.250993  -0.0688278    0.323312   -0.308264    0.130441   -0.293657     0.44915    0.994944    0.544135   -0.400899   -0.201582    0.703637   -0.332002    0.533669    -0.38498    0.355154    -0.79305    0.485207   0.0849068    0.359056   -0.105131    0.403637    0.400532    0.170956   -0.581575    0.215594    0.778425    0.231971    0.450279    0.904508    0.414273           0
   0.116624    0.110777   -0.606452    0.351639    0.120492    0.853153    0.283712   -0.232444    0.384707   -0.328141     0.39367    0.767014     0.53627   -0.431433    -1.14173   -0.709974   -0.552147   -0.644132  -0.0973436   -0.854463    0.753551   -0.800539    0.303784    0.189183    0.145237   -0.648063    0.835538   -0.930562    -1.06827    0.704823    0.384557   -0.918733    0.952306,
  0.616531   0.343208   0.923811   0.720604
   0.56444  0.0524037   0.697749   0.939961
 -0.334502   0.560009    0.65233   0.249812
  0.545739  -0.417457   0.265867  -0.356602
   -0.5367   0.741831  -0.470972  -0.823579
 -0.427004  -0.750415  -0.645229   0.667848
  0.423781   0.665932   0.703632  -0.740702
  0.649665   0.982002  -0.711021  -0.780105
 -0.910605   0.655615  0.0715648  -0.712044
 -0.668322  -0.283382  -0.772714  -0.708416
 0.0226101    1.07312    0.96083  -0.743984
  0.441698 -0.0470123   0.447468   0.149466
 -0.313765   0.228287  -0.726756  0.0345366
  0.207798   0.191077   0.859774  -0.289551
  0.854779   0.647755    0.54722  -0.301489
 -0.772748  -0.676136  -0.396315  -0.313656
    0.5189   0.529863   0.753152   -1.03129
 -0.584662   0.338408    0.28219   0.207601
  0.758369  -0.716389  -0.583591    0.64071
  0.164662   -0.41827   0.546493   0.776155
  -1.02339   0.944287   0.802385  -0.661111
 -0.569597    0.54901   0.210224  -0.271326
0.00126076 -0.0880488   0.608635  -0.376724
  0.582174  -0.186593   0.830471   0.690689
 -0.963388  -0.441899  -0.623077   0.477245
 -0.545812   0.568146   0.508213   0.394215
  0.462904    0.37049   0.390828   0.868947
 0.0248642   -0.14267   0.941205   0.281565
  0.142207  -0.700072   0.801381  -0.371047
 0.0435921   0.854152 -0.0361212  -0.809207
  0.636274  -0.653025   -0.18803   -0.19314
 -0.364221    0.54703  0.0183892   0.855933
 -0.413396  -0.468483   0.512352   0.398893

