learningRate: 0.05
architecture: 8,32,4
activation: 0
weights: 
 -0.722305   0.139314  -0.124812  -0.707563  -0.967374   0.906033   0.214575  -0.758541   -0.81884   0.523282  -0.908201   0.756598  -0.920679    0.26733   0.411177   0.958316  -0.845273  -0.959281   -0.29576   -0.27694 -0.0518547  -0.906925  -0.467479  -0.550848   0.629654 0.00418432  -0.271507    0.39996  -0.213812   0.900514  -0.340707   0.497965          0
  0.460033   0.745932   0.123767   0.426773  -0.229791   0.806173   0.843574  -0.178147  -0.243073   0.805351  -0.370279   0.891133   0.389808   0.514912   0.768559  -0.160494  0.0983946   0.377761   0.317327  -0.844805   0.578187   0.608754   0.405842    0.31589   0.874714  -0.303259   0.848197 -0.0497545    1.01606  -0.467508   0.821793   0.111934 -0.0346329
  0.245909   0.773416  -0.309724  -0.810175  -0.761252   0.676214 -0.0674138   0.660093  -0.213198 -0.0643706   0.833572  -0.780921    0.85794   0.713489   0.398392   0.613133  -0.286767    0.38087   0.625898  -0.152133    0.44353  -0.076088  -0.535772    0.50342   0.528851  -0.873554   -0.23048   0.305409   0.954796  -0.340977  -0.291743 -0.0536506          0
  0.650154   0.402391  -0.640056  -0.463554 -0.0889172  -0.518591    0.71369   0.100027 -0.0172764   0.304153    1.15225   0.396067     0.6563  -0.565087  -0.811222  -0.543823   0.776613  -0.375683   0.369688   0.838673  -0.739441   0.410293   0.293019  -0.481185   0.768564   0.439568  -0.157003  -0.743048  -0.383196   0.273805   0.279057   0.634488 -0.0680592
  0.478583   0.697977   0.213418   0.845868  -0.125069 -0.0819216   0.423469  0.0895096  -0.053257  -0.296438  -0.762656  -0.406199  -0.883749  -0.275319   0.319002   0.798228   0.920545  -0.543209   0.804218  -0.297379  -0.657591  -0.309597  -0.614217   0.327272   0.709585  -0.913666   0.855827   0.181357     1.0055   0.739313   0.407723   0.825168  0.0184679
  0.944126  0.0137236  -0.503758  -0.947428    0.63575  -0.798459  -0.833451  -0.111511   0.670308  -0.762963  -0.481525   0.673439  -0.185264  -0.500981   0.724971 -0.0503869   0.198069  -0.806877  -0.569868  0.0882234   0.223487  -0.582916   0.772495   0.450252  -0.287082   0.259789   0.549984   0.223696  -0.888455 0.00463157  -0.149635   0.520149          0
 -0.728561  -0.905281   0.811155   0.654051   0.858539   0.246152  -0.473957  -0.314198  -0.983978  -0.672175   0.681828  0.0540156   0.207622   0.926753   0.561598   0.428172  -0.977744  -0.499519   0.262155  0.0787565   0.572194   0.263758   0.669069   0.953507   0.657942 -0.0398089   -0.21207  -0.794018  -0.452169   0.346096 -0.0631449   0.742232          0
 -0.520693 0.00615933   0.594158  0.0841013   0.357052   0.641152    0.64638  0.0750025  0.0268034  -0.422145   0.354277   0.799809   -0.40434  -0.441797   -0.72127   0.234988  -0.897373  -0.652403   0.973969  -0.854735   0.649716  0.0771156     -0.462   0.497254   -0.68971   0.206875  -0.159949  -0.315375  0.0976991    0.14182   0.576534   0.408569          0
 -0.736405  0.0159788  -0.576075   0.401752   0.916271   0.729284   0.659821  -0.818229  -0.163493    -0.6583   -0.35711 -0.0174567  0.0685159  -0.205975  -0.256958   0.797356   0.778209   0.670613  -0.528833  -0.450147   0.233694   -1.13087  -0.236896 -0.0774466  -0.571294   0.130849 -0.0889659    -0.7594 -0.0508596   -0.76524   0.710704   -0.29227     1.0123,
  -0.659598      0.6849    0.398809    0.594878
   0.194684   -0.939971    0.616145    0.723222
  -0.682455   -0.672962     0.78239   -0.304386
  -0.286798    0.180001    0.334766      1.0408
 -0.0892076   -0.273382   -0.299409    0.633887
   0.751775  -0.0191116    0.624441 -0.00334675
  -0.776857   -0.352652    0.712719   -0.312036
   0.797516   -0.876632   -0.377651    -1.02793
  -0.840944    0.380953   -0.544293     0.57571
   0.594446   -0.998993   -0.276446    0.351124
  -0.710902    -1.02174    0.390136    0.686543
  -0.502559   -0.754768    0.875573     0.19282
   0.437161    0.285361    0.705589    0.611123
  -0.409975   -0.551897   -0.747117   -0.485397
  -0.941572    0.849017    0.344581    0.475571
  -0.684331   -0.763659    -1.00152    0.910334
  -0.424139    0.532335    0.806251   -0.618921
  -0.215933   -0.744453   -0.261767   -0.808196
   0.902629    0.551181    0.506903   -0.757896
  -0.278702   -0.519598    0.435381    0.530818
   0.286586   -0.788901  -0.0570749   -0.849308
  -0.694618    0.854599    0.760395    0.104444
   0.596594    0.403276   -0.933943    0.122316
  -0.105869  -0.0325396    0.778648    0.790393
 -0.0279788    0.244823    0.653547    0.259212
   0.315004    0.336247   -0.462745    0.959764
   0.331907    -0.30051     0.87232     0.10769
   0.103298    0.562457    0.621995   -0.967901
   0.781657   -0.398976   -0.751667   -0.245721
  -0.935221     0.47623    0.472524   0.0540022
  -0.338052    0.975508   -0.742354    -0.51681
  -0.901408    -1.01082   -0.226991    0.481913
   0.736894    0.905807     0.10422   -0.453678

